253,248
248,253
248,2188
1107,2188
3341,2188
2006,3320
2006,3339
2006,3361
210,2188
2994,2188
2170,2188
580,2188
737,2188
3941,2188
2057,2188
1218,2188
2177,2188
4130,2188
469,2188
3885,2188
3885,3077
3885,3361
3131,2188
3320,2006
3320,4217
3320,2188
3320,6289
3320,3329
3320,3316
2997,2188
3448,2188
2234,2188
1128,2188
3370,2188
3137,2188
3043,2188
1382,2188
3275,2188
2009,3361
3024,2188
3024,3156
1074,2188
3322,6316
3136,2188
609,2188
797,2188
3076,2188
1177,2188
3093,2188
3670,2188
1084,2188
4029,2188
2064,2188
11051,2188
3999,3319
3999,6316
599,2188
799,2188
345,2188
2188,248
2188,1107
2188,3341
2188,210
2188,2994
2188,2170
2188,580
2188,737
2188,3941
2188,2057
2188,1218
2188,2177
2188,4130
2188,469
2188,3885
2188,3131
2188,3320
2188,2997
2188,3448
2188,2234
2188,1128
2188,3370
2188,3137
2188,3043
2188,1382
2188,3275
2188,3024
2188,1074
2188,3136
2188,609
2188,797
2188,3076
2188,1177
2188,3093
2188,3670
2188,1084
2188,4029
2188,2064
2188,11051
2188,599
2188,799
2188,345
2188,1187
2188,3989
2188,1555
2188,340
2188,2560
2188,534
2188,2564
2188,1665
2188,342
2188,3077
2188,3179
2188,2359
2188,
2188,3714
2188,3550
2188,3930
2188,4330
2188,2223
2188,1701
2188,2072
2188,3797
2188,813
2188,2050
2188,2939
2188,2206
2188,3992
2188,1175
2188,3304
2188,2176
2188,951
2188,3484
2188,1197
2188,2948
2188,502
2188,2207
2188,507
2188,1638
2188,273
2188,907
2188,1335
2188,3144
2188,1229
2188,478
2188,2194
2188,2074
2188,3339
2188,1606
2188,3156
2188,2397
2188,893
2188,346
2188,1524
2188,4059
2188,1354
2188,521
2188,2279
2188,3364
2188,3351
2188,2219
2188,1587
2188,3406
2188,2082
2188,3980
2188,3577
2188,994
2188,3469
2188,3205
2188,3316
2188,6776
2188,3361
2188,2276
2188,3153
2188,287
2188,1551
2188,1613
2188,679
2188,193
2188,1678
1187,2188
3989,2188
3988,2560
1555,2188
340,2188
2560,2188
2560,3988
534,2188
2564,2188
1665,2188
342,2188
3077,3885
3077,2188
3179,2188
2359,2188
1005,907
,2188
3714,2188
3550,2188
3930,2188
4330,2188
2223,2188
1701,2188
2072,2188
3797,2188
3797,1524
813,2188
2050,2188
2939,2188
2206,2188
3992,2188
1175,2188
3304,2188
3304,3339
2176,2188
951,2188
3484,2188
1197,2188
1197,1606
2948,2188
502,2188
2207,2188
507,2188
1638,2188
273,2188
907,2188
907,1005
1335,2188
3144,2188
1229,2188
478,2188
2194,2188
2074,2188
3339,2006
3339,2188
3339,3304
3339,3316
3339,2042
1606,1197
1606,1157
3156,3024
3156,2188
2397,2188
893,2188
346,2188
1524,2188
1524,3797
4059,2188
1354,2188
521,2188
2279,2188
3364,2188
3351,3319
3351,2188
3351,3316
2219,2188
1587,2188
3406,2188
3329,3320
2082,2188
3980,2188
3577,2188
994,2188
3469,2188
3205,2188
3316,3320
3316,2188
3316,3339
3316,3351
3316,3361
6776,2188
3361,2006
3361,3885
3361,2009
3361,2188
3361,3316
3361,2042
3361,2030
1157,2188
2276,2188
3153,2188
287,2188
1551,2188
1613,2188
679,2188
2042,3339
2042,3361
193,2188
2030,3361
1678,2188
